|--------+---------+-------------+------------|
| Modèle | Origine |   Grad X    |   Grad Y   |
|--------+---------+-------------+------------|
|  206   |(48,278) | 20(88,278)  | 10(48,255) |
|--------+---------+-------------+------------|
|  twi   |(41,265) | 20(87,265)  | 05(48,255) |
|--------+---------+-------------+------------|
|  ber   |(40,258) | 20(99,258)  | 05(40,239) |
|--------+---------+-------------+------------|
|   c0   |(51,275) | 20(102,275) | 20(51,251) |
|--------+---------+-------------+------------|
|   c3   |(94,626) | 20(192,626) | 10(94,559) |
|--------+---------+-------------+------------|
